#‰Û‘è1
B1<-c(75,80,90,85)
B2<-c(95,87,77,80)     
B3<-c(75,85,65,70)
B4<-c(85,85,80,70)

#‰Û‘è2
x1<-c(8,7,8,9,7)
x2<-c(5,6,4,5,4)
x3<-c(5,5,4,4,3)
x4<-c(4,4,3,3,3)
x5<-c(3,3,3,3,3)
x6<-c(9,8,9,7,7)
x7<-c(3,3,3,4,3)
x8<-c(3,3,4,3,3)
x9<-c(3,4,3,3,3)
x10<-c(2,2,2,3,2)


#‰Û‘è3
d1<-c(10,8,9,10,8,9,10,8,8,9)
d2<-c(5,6,6,4,3,6,5,4,3,5)
d3<-c(4,5,4,4,3,4,5,3,5,6)
d4<-c(5,3,6,5,5,6,6,4,3,4)
d5<-c(5,6,6,5,4,5,3,3,3,6)
d6<-c(4,4,5,6,5,4,4,3,4,6)
